(ISS) 25544
1 25544U 98067A   13329.55943133  .00010931  00000-0  19557-3 0   985
2 25544 051.6502 028.8227 0001173 095.5594 049.6826 15.50530928859734

(Tiangong 1) 37820
1 37820U 11053A   13329.53371756  .00043178  00000-0  37740-3 0  5213
2 37820 042.7751 102.5878 0006468 329.5289 128.9958 15.68159813124030

(Envisat) 27386
1 27386U 02009A   13329.50320185  .00000153  00000-0  65190-4 0  9375
2 27386 098.4116 034.5530 0001131 089.0519 271.0800 14.37649212614317

(SOYUZ-TMA 11M) 39373
1 39373U 13061A   13312.60114353 -.00001132  00000-0 -11926-4 0    60
2 39373  51.6486 112.8496 0000989 126.4609 354.0773 15.49934396   228

(COSMOS 2251) 22675
1 22675U 93036A   13338.15933420  .00000079  00000-0  38702-4 0  1282
2 22675  74.0412  51.9140 0023941 126.0669 257.4207 14.32264734 69188

(NOAA 19) 33591
1 33591U 09005A   13338.51355279  .00000118  00000-0  89546-4 0   335
2 33591  98.9235 279.3778 0013304 311.8303 179.4945 14.11595836248525